%YAML:1.0

cam0:
  T_imu_cam:
    - [0.0, 0.707, 0.707, 0.0]
    - [1.0, 0.0, 0.0, 0.0]
    - [0.0, 0.7070, -0.707, -0.05]
    - [0.0, 0.0, 0.0, 1.0]
  cam_overlaps: []
  camera_model: pinhole
  distortion_coeffs: [-0.18034738512074053, 0.007138295377567081, 0.006783095225795607, -0.0020097316748678867]
  distortion_model: equidistant
  intrinsics: [603.4253785964544, 604.5122569474232, 599.3120987871802, 371.39448770747913]
  resolution: [1280, 800]
  rostopic: /vio1/rpi_camera_front/image_raw
  timeshift_cam_imu: -0.009590876039095163
