%YAML:1.0

cam0:
  T_imu_cam:
    - [0.000000, 0.000000, 1.000000, 0.140000]
    - [-1.000000, 0.000000, 0.000000, 0.000000]
    - [0.000000, -1.000000, 0.000000, 0.000000]
    - [0.000000, 0.000000, 0.000000, 1.000000]
  cam_overlaps: [0]
  camera_model: pinhole
  distortion_coeffs: [0.0, 0.0, 0.0, 0.0]
  distortion_model: radtan
  intrinsics: [184.752086, 184.752086, 320.000000, 240.000000]
  resolution: [640, 480]
  rostopic: rgb/image_raw
